[1024, 2625, 2626, 2627, 2629, 2630, 2631, 794, 1020, 1021, 1022, 1023, 1025, 1026, 1027, 1028, 1029, 1030, 1031]
[2731, 2230]
[3073, 3193, 3199, 3245]
[23, 519]
[2072, 2092, 2104, 2105, 2106, 2107, 4595, 3297, 727, 1840, 3581, 1091, 1238]
[2735, 2738, 2074, 2240, 2241, 2736, 2513, 2514, 2515, 2516, 2734, 2739, 2741, 2742, 2743, 2737]
[2088, 4379]
[53, 502]
[2102, 2308, 1096, 1136, 1369, 2007]
[105, 107]
[2166, 1481, 1855, 1904]
[4229, 3560]
[2071, 2807, 3024, 3106]
[1232, 1170, 1242, 1243, 1244]
[2196, 3824]
[2200, 2750]
[4255, 4279, 4298]
[2209, 4295, 4337, 4364, 4336]
[2210, 2238]
[166, 170, 171, 2762, 163, 165, 167]
[2225, 2267]
[2226, 2774]
[4287, 1832]
[3417, 494]
[2275, 2276, 2277, 2278, 2279, 2280, 2281, 2282, 2283, 2284, 2285, 2288, 2286, 2287, 2289]
[2432, 2433, 2428, 2429, 2430, 2431, 2434, 2435, 2436, 2437, 2438, 2439, 2440, 2441, 2442, 584, 2187, 3350]
[3146, 3546, 3634, 3638]
[2330, 2718]
[2331, 2886, 2891, 2000, 2005]
[4381, 2403]
[287, 1765]
[290, 2621, 1771]
[2779, 2455, 2666]
[293, 285]
[2356, 2367, 4526, 4527]
[3761, 3762, 759, 899, 3744, 3745, 3746, 3763]
[328, 2888, 2003]
[1079, 1649, 1906]
[2388, 2661, 2797]
[58, 847]
[2399, 2400]
[4455, 2876, 3196, 2778, 3831, 4072]
[4480, 4655, 2768]
[2482, 3140]
[2493, 2495, 2503, 2506, 2511, 2512]
[2504, 2526, 2527, 2530]
[2521, 3143]
[2535, 3144]
[4596, 3527, 3772, 3800]
[4603, 3201]
[2561, 2519, 3023]
[2628, 2662]
[588, 589, 2842, 2840, 2841, 2843, 2864, 2865, 521]
[2670, 2802]
[2713, 1609]
[454, 2753, 2877, 2759]
[680, 3031]
[681, 3032]
[683, 3034]
[711, 1395]
[2764, 2885, 1623]
[2824, 2839, 2844, 2868]
[2523, 3579]
[1301, 2909, 1291, 1295, 1299, 1300, 1302, 1303, 1304, 1305, 1307, 1308, 1311, 1312, 1313, 1314, 1315, 1316, 1317, 1318, 1296, 1297, 1298, 1294]
[2880, 2895, 1349]
[2968, 3249, 3637, 3632]
[1019, 1247]
[1073, 1098]
[3161, 3162, 3164, 3166, 3167, 3168, 3169]
[1131, 1562, 1533, 1536, 1539, 1540, 1542, 1544, 1545, 1546, 1547, 1549, 1550, 1552, 1553, 1554, 1555, 1557, 1559, 1561, 1564, 1565]
[3181, 3403]
[1903, 1141, 3608, 1901, 1854]
[3342, 3368, 3410, 3351]
[3373, 3374, 3376, 3377, 3379, 3381, 3382, 3384]
[3636, 3639]
[3399, 3401]
[3563, 3565, 3566, 3567, 3568, 3569, 3570]
[3706, 3707, 3708, 3709, 3710, 3711]
[3850, 4095]
[3888, 3897]
