78
3 41 37 45
5 0 1 10 25 23
3 1 2 10
5 10 2 3 14 18
4 3 4 11 14
3 4 5 11
4 5 6 12 11
4 6 7 15 12
3 7 21 15
3 7 8 21
4 8 13 24 21
3 8 9 13
3 9 17 13
3 23 25 26
4 25 10 18 33
4 18 20 35 33
4 20 22 39 35
4 14 16 20 18
4 16 19 22 20
4 11 12 16 14
4 12 15 19 16
4 19 15 21 27
3 21 24 27
4 24 13 17 28
3 28 17 29
5 26 25 33 38 30
4 39 22 31 56
4 22 19 27 31
3 27 24 28
3 28 29 34
4 30 38 46 42
4 38 33 35 43
4 35 39 47 43
4 31 27 40 48
4 27 28 34 40
4 34 29 32 36
4 36 32 37 41
3 42 46 50
4 38 43 51 46
4 43 47 53 51
4 47 39 56 60
4 56 31 48 65
4 48 40 44 52
4 52 44 49 54
4 40 34 36 44
4 36 41 49 44
4 50 46 51 55
4 51 53 58 55
3 53 59 58
4 53 47 60 59
4 48 52 67 65
4 52 54 69 67
5 54 49 57 61 62
4 49 41 45 57
3 58 59 70
4 70 59 63 74
3 59 60 63
3 60 66 63
4 60 68 72 66
4 56 65 68 60
4 54 62 77 69
3 62 61 64
3 70 74 78
3 74 79 78
4 74 63 66 79
3 66 80 79
3 66 72 80
4 72 75 81 80
4 75 76 82 81
4 72 68 71 75
4 75 71 73 76
3 76 83 82
4 76 73 84 83
4 68 65 67 71
4 71 67 69 73
5 73 69 77 85 84
3 77 86 85
5 77 62 64 87 86

